FROC_Result_File_Generated: Wed Feb 16 11:34:15 2005
Training_File: C:\ChestCAD\Code\All.trn
Features_Used_Index:
       0
       1
       6
       7
       9
      10
      15
      18
      19
      20
      21
      22
      27
      29
Features_Used_Labels:
Icd.dx
Icd.dy
Shape.areaFraction
Shape.aspectRatio
Shape.areaToHullRatio
Density.deltaAvgCodeValue
Nodule-Rib.deltaSigmaCodeValue
Gradient.dirCoherence
Gradient.nonuniformity
Gradient.quality
Texture.energy
Texture.contrast
Nodule-Rib.afum
Surface.lamda1
GML(300,3.00000,5.00000) 
UsrSelected (1.1425217) [0,1,6,7,9,10,15,18,19,20,21,22,27,29]
FPI TPF
0.00000000 0.00000000
0.13402062 0.11926606
0.19243986 0.14067278
0.23024055 0.14984709
0.29209622 0.16513761
0.32989691 0.17737003
0.35395189 0.19266055
0.39862543 0.20183486
0.43642612 0.21100917
0.46391753 0.22324159
0.48797251 0.23547401
0.51202749 0.25076453
0.54982818 0.25688073
0.57044674 0.25993884
0.60824742 0.26605505
0.63917526 0.26605505
0.67010309 0.26605505
0.68728522 0.27217125
0.69759450 0.27217125
0.71821306 0.27217125
0.73539519 0.27522936
0.76975945 0.28134557
0.79381443 0.28134557
0.80412371 0.28440367
0.82817869 0.29051988
0.85910653 0.29969419
0.87628866 0.30275229
0.90378007 0.30275229
0.94501718 0.30275229
0.97594502 0.30581040
0.98281787 0.31192661
1.0034364 0.31192661
1.0412371 0.31192661
1.0618557 0.31804281
1.0927835 0.32110092
1.1065292 0.32721713
1.1340206 0.32721713
1.1546392 0.33027523
1.1683849 0.33027523
1.1786942 0.33027523
1.2096220 0.33333333
1.2302405 0.33639144
1.2405498 0.33639144
1.2508591 0.33639144
1.2577320 0.33944954
1.2817869 0.34250765
1.3092784 0.34556575
1.3127148 0.34862385
1.3161512 0.35168196
1.3264605 0.35168196
1.3539519 0.35474006
1.3711340 0.35779817
1.3917526 0.36391437
1.4158076 0.36697248
1.4295533 0.37308869
1.4570447 0.37308869
1.4742268 0.37614679
1.4845361 0.37920489
1.4879725 0.37920489
1.5154639 0.37920489
1.5326460 0.38226300
1.5567010 0.38837920
1.5773196 0.38837920
1.5945017 0.39449541
1.6013746 0.39449541
1.6116838 0.39449541
1.6219931 0.39449541
1.6391753 0.39449541
1.6529210 0.39449541
1.6632302 0.39449541
1.6769759 0.39755352
1.7010309 0.39755352
1.7182131 0.39755352
1.7388316 0.39755352
1.7491409 0.40366972
1.7594502 0.40978593
1.7766323 0.41590214
1.7766323 0.41590214
1.7972509 0.42201835
1.8247423 0.42201835
1.8350515 0.42201835
1.8487973 0.42201835
1.8591065 0.42507645
1.8659794 0.42813456
1.8728522 0.43119266
1.8934708 0.43119266
1.9106529 0.43119266
1.9175258 0.43119266
1.9312715 0.43425076
1.9415808 0.43425076
1.9656357 0.43730887
1.9862543 0.43730887
1.9931271 0.44342508
2.0206186 0.44954128
2.0412371 0.45259939
2.0481100 0.45259939
2.0584192 0.45565749
2.0687285 0.46177370
2.0893471 0.46177370
2.1099656 0.46177370
2.1374570 0.46483180
2.1512027 0.46483180
2.1683849 0.46483180
2.1890034 0.46788991
2.2061856 0.46788991
2.2302405 0.47400612
2.2474227 0.47400612
2.2680412 0.47400612
2.2783505 0.47706422
2.3024055 0.47706422
2.3264605 0.48012232
2.3470790 0.48012232
2.3642612 0.48318043
2.3711340 0.48623853
2.4020619 0.48623853
2.4123711 0.48623853
2.4329897 0.48929664
2.4329897 0.48929664
2.4501718 0.49541284
2.4639175 0.49847095
2.4742268 0.49847095
2.4914089 0.50152905
2.5085911 0.50152905
2.5257732 0.50152905
2.5360825 0.50152905
2.5567010 0.50152905
2.5773196 0.50152905
2.5876289 0.50152905
2.5910653 0.50152905
2.6116838 0.50458716
2.6254296 0.50764526
2.6426117 0.50764526
2.6563574 0.50764526
2.6666667 0.51070336
2.6804124 0.51070336
2.6838488 0.51376147
2.7010309 0.51376147
2.7285223 0.51987768
2.7457045 0.52293578
2.7594502 0.52293578
2.7800687 0.52293578
2.7972509 0.52293578
2.8109966 0.52293578
2.8281787 0.52599388
2.8522337 0.52599388
2.8591065 0.52599388
2.8694158 0.52599388
2.8831615 0.52905199
2.8969072 0.53211009
2.9106529 0.53211009
2.9175258 0.53211009
2.9278351 0.53211009
2.9450172 0.53211009
2.9553265 0.53211009
2.9690722 0.53211009
2.9793814 0.53516820
2.9896907 0.53516820
3.0171821 0.53822630
3.0343643 0.53822630
3.0515464 0.53822630
3.0652921 0.53822630
3.0790378 0.53822630
3.0859107 0.53822630
3.0962199 0.53822630
3.1168385 0.53822630
3.1408935 0.53822630
3.1546392 0.53822630
3.1615120 0.53822630
3.1718213 0.53822630
3.1924399 0.54128440
3.2199313 0.54128440
3.2439863 0.55045872
3.2646048 0.55351682
3.2817869 0.55351682
3.2989691 0.55351682
3.3024055 0.55657492
3.3127148 0.55657492
3.3195876 0.55657492
3.3367698 0.55657492
3.3539519 0.55963303
3.3676976 0.55963303
3.3814433 0.55963303
3.3951890 0.55963303
3.4226804 0.55963303
3.4295533 0.55963303
3.4432990 0.55963303
3.4536082 0.55963303
3.4707904 0.55963303
3.4810997 0.55963303
3.4982818 0.56269113
3.5189003 0.56269113
3.5395189 0.56269113
3.5498282 0.56269113
3.5704467 0.56574924
3.5773196 0.56880734
3.5876289 0.56880734
3.6048110 0.56880734
3.6288660 0.56880734
3.6426117 0.56880734
3.6597938 0.56880734
3.6735395 0.56880734
3.6838488 0.56880734
3.7010309 0.56880734
3.7079038 0.56880734
3.7182131 0.57186544
3.7319588 0.57186544
3.7422680 0.57186544
3.7594502 0.57186544
3.7835052 0.57186544
3.8075601 0.57186544
3.8281787 0.57186544
3.8453608 0.57186544
3.8591065 0.57186544
3.8659794 0.57186544
3.8728522 0.57492355
3.8865979 0.57492355
3.9106529 0.57798165
3.9209622 0.57798165
3.9381443 0.57798165
3.9759450 0.57798165
3.9896907 0.57798165
4.0034364 0.57798165
4.0137457 0.57798165
4.0274914 0.57798165
4.0412371 0.57798165
4.0549828 0.57798165
4.0652921 0.57798165
4.0756014 0.57798165
4.0927835 0.57798165
4.0962199 0.57798165
4.1065292 0.58103976
4.1237113 0.58103976
4.1305842 0.58103976
4.1443299 0.58103976
4.1718213 0.58103976
4.1821306 0.58103976
4.1890034 0.58103976
4.2061856 0.58103976
4.2302405 0.58103976
4.2405498 0.58103976
4.2646048 0.58103976
4.2783505 0.58103976
4.2989691 0.58103976
4.3127148 0.58103976
4.3264605 0.58103976
4.3470790 0.58103976
4.3608247 0.58103976
4.3814433 0.58103976
4.3848797 0.58103976
4.3986254 0.58103976
4.4123711 0.58409786
4.4295533 0.58409786
4.4364261 0.58409786
4.4536082 0.58409786
4.4742268 0.58409786
4.4914089 0.58409786
4.4948454 0.58409786
4.5085911 0.58409786
4.5257732 0.58409786
4.5429553 0.58409786
4.5601375 0.58409786
4.5807560 0.58409786
4.5945017 0.58409786
4.6151203 0.58409786
4.6529210 0.58409786
4.6563574 0.58409786
4.6735395 0.58409786
4.7044674 0.58409786
4.7147766 0.58409786
4.7216495 0.58409786
4.7250859 0.58409786
4.7353952 0.58409786
4.7457045 0.58409786
4.7594502 0.58409786
4.7731959 0.58409786
4.7869416 0.58409786
4.7938144 0.58409786
4.8144330 0.58409786
4.8350515 0.58409786
4.8453608 0.58409786
4.8556701 0.58409786
4.8694158 0.58409786
4.8900344 0.58409786
4.9003436 0.58409786
4.9140893 0.58409786
4.9450172 0.58409786
4.9587629 0.58409786
4.9725086 0.58409786
4.9862543 0.58409786
5.0171821 0.58409786
5.0446735 0.58409786
5.0515464 0.58409786
5.0756014 0.58409786
5.0893471 0.58409786
5.1065292 0.58409786
5.1305842 0.58409786
5.1374570 0.58409786
5.1512027 0.58409786
5.1615120 0.58409786
5.1615120 0.58409786
